100150
100200
100250
100300
100500
100400
100200
99800
99000
100600
100500
100700
100600
100400
101625.0
101525.0
101325.0
102325.0
102225.0
102025.0
101625.0
102425.0
102325.0
102125.0
102475.0
102525.0
102575.0
102475.0
102275.0
101875.0
102625.0
102800.0
102700.0
102850.0
103100.0
103000.0
103725.0
103625.0
103775.0
104025.0
104075.0
104125.0
104025.0
104400.0
104300.0
104450.0
104350.0
104550.0
104600.0
104700.0
104600.0
104850.0
104750.0
104900.0
104800.0
104950.0
105000.0
104900.0
104700.0
104300.0
103500.0
101900.0
98700.0
105050.0
105100.0
105150.0
105050.0
104850.0
104450.0
103650.0
102050.0
98850.0
92450.0
79650.0
79600.0
79500.0
79300.0
79650.0
79550.0
79875.0
80075.0
79975.0
79775.0
80175.0
80275.0
80475.0
80375.0
80175.0
80575.0
80625.0
80675.0
80575.0
80375.0
79975.0
81925.0
82025.0
81925.0
81725.0
81325.0
80525.0
82125.0
82025.0
82175.0
82075.0
81875.0
81475.0
82400.0
82300.0
82450.0
82600.0
82750.0
82650.0
82450.0
82900.0
83000.0
83100.0
83275.0
83325.0
83225.0
83025.0
82625.0
81825.0
80225.0
77025.0
83425.0
83325.0
83125.0
83525.0
83425.0
83225.0
83625.0
83525.0
83325.0
82925.0
83675.0
83575.0
83725.0
83625.0
83775.0
83675.0
83475.0
83825.0
83725.0
83975.0
84025.0
83925.0
83725.0
83325.0
82525.0
80925.0
84075.0
83975.0
83775.0
84175.0
84075.0
84225.0
84125.0
84375.0
84275.0
84475.0
84375.0
84175.0
83775.0
84525.0
84425.0
84575.0
84625.0
84525.0
84325.0
83925.0
84825.0
84925.0
84825.0
84625.0
85025.0
84925.0
84725.0
85125.0
85025.0
84825.0
85825.0
85725.0
85525.0
85125.0
86000.0
85900.0
85700.0
85300.0
86100.0
86150.0
86200.0
86100.0
85900.0
85500.0
84700.0
86250.0
86300.0
86725.0
86625.0
86425.0
86825.0
86725.0
86525.0
86125.0
86875.0
86925.0
87175.0
87075.0
86875.0
86475.0
87225.0
87125.0
86925.0
86525.0
85725.0
84125.0
80925.0
74525.0
87275.0
87175.0
86975.0
87325.0
87225.0
87375.0
87275.0
87075.0
87550.0
87825.0
88025.0
87925.0
88175.0
88075.0
87875.0
87475.0
88325.0
88375.0
88275.0
88525.0
88425.0
88625.0
88725.0
88625.0
88775.0
88675.0
89125.0
89025.0
89175.0
89275.0
89175.0
88975.0
88575.0
87775.0
86175.0
82975.0
76575.0
89325.0
89225.0
89375.0
89475.0
89375.0
89825.0
89725.0
89875.0
89975.0
89875.0
90025.0
89925.0
90200.0
90300.0
90200.0
90500.0
90600.0
90650.0
90550.0
90350.0
89950.0
89150.0
87550.0
84350.0
77950.0
90825.0
90875.0
90925.0
90825.0
91175.0
91075.0
90875.0
90475.0
89675.0
91225.0
91125.0
91275.0
91175.0
91375.0
91425.0
91325.0
91125.0
90725.0
91625.0
91525.0
91325.0
92325.0
92225.0
92025.0
92550.0
92650.0
92550.0
93000.0
93050.0
93100.0
93000.0
92800.0
92400.0
93150.0
93200.0
93400.0
93300.0
93450.0
93550.0
93600.0
93700.0
93750.0
93800.0
93900.0
93950.0
93850.0
93650.0
94000.0
93900.0
94050.0
94300.0
94200.0
94000.0
93600.0
94350.0
94400.0
94500.0
94400.0
94550.0
94450.0
94600.0
94500.0
94300.0
94700.0
94800.0
94700.0
94500.0
94100.0
94900.0
94950.0
94850.0
94650.0
94250.0
95050.0
95300.0
95350.0
95400.0
95725.0
95775.0
95675.0
95475.0
95075.0
94275.0
95825.0
95725.0
95525.0
95125.0
95925.0
95975.0
95875.0
96325.0
96425.0
96325.0
96125.0
96475.0
96625.0
96525.0
96775.0
96675.0
96475.0
96075.0
95275.0
93675.0
96925.0
96825.0
96625.0
96975.0
96875.0
96675.0
97175.0
97225.0
97125.0
96925.0
96525.0
97325.0
97225.0
97025.0
96625.0
95825.0
97500.0
97550.0
97450.0
97250.0
97600.0
97500.0
97300.0
97700.0
97600.0
97400.0
97000.0
99000.0
99050.0
99100.0
99000.0
98800.0
99250.0
99150.0
98950.0
98550.0
97750.0
96150.0
92950.0
99300.0
99475.0
99375.0
99625.0
99675.0
99575.0
99775.0
99675.0
99475.0
99825.0
99725.0
99925.0
99975.0
100025.0
99925.0
99725.0
99325.0
100125.0
100350.0
100550.0
100650.0
100550.0
100350.0
100700.0
100600.0
100750.0
100900.0
100950.0
101000.0
101050.0
101100.0
101000.0
100800.0
101150.0
101050.0
101300.0
101400.0
101500.0
101400.0
101200.0
100800.0
101550.0
101600.0
101500.0
101750.0
102050.0
102150.0
102050.0
102300.0
102350.0
102400.0
102650.0
102550.0
102750.0
102650.0
102450.0
103450.0
103650.0
103700.0
103975.0
103875.0
104425.0
104325.0
104125.0
103725.0
104475.0
104375.0
104175.0
103775.0
102975.0
104625.0
104525.0
104775.0
104875.0
105100.0
105150.0
105050.0
104850.0
104450.0
103650.0
105200.0
105250.0
105150.0
105300.0
105625.0
105675.0
105575.0
105775.0
105675.0
105925.0
105825.0
106275.0
106325.0
106225.0
106025.0
106425.0
106475.0
106625.0
106675.0
106725.0
106875.0
106775.0
106975.0
106875.0
107025.0
106925.0
106725.0
107125.0
107025.0
107525.0
107425.0
107775.0
107675.0
107475.0
107825.0
107925.0
107825.0
107975.0
107875.0
108025.0
107925.0
107725.0
108075.0
108275.0
108375.0
108475.0
108525.0
108425.0
108575.0
108475.0
108675.0
108775.0
108675.0
108475.0
109825.0
109925.0
110075.0
109975.0
109775.0
110725.0
110625.0
110425.0
110025.0
110775.0
110675.0
110825.0
110725.0
110525.0
110125.0
110875.0
110775.0
111225.0
111125.0
110925.0
111425.0
111475.0
111375.0
111175.0
111675.0
111725.0
111625.0
111425.0
111025.0
112975.0
112875.0
113025.0
113075.0
112975.0
113550.0
113450.0
113250.0
113700.0
113900.0
113800.0
113950.0
114050.0
114100.0
114000.0
113800.0
114150.0
114050.0
113850.0
114200.0
114100.0
114300.0
114200.0
114000.0
114350.0
114250.0
114500.0
114550.0
114450.0
114650.0
114850.0
114750.0
114550.0
114950.0
114850.0
115000.0
114900.0
115050.0
115200.0
115100.0
115375.0
115275.0
115425.0
115325.0
115725.0
116075.0
116175.0
116225.0
116125.0
116275.0
116525.0
116425.0
116225.0
116675.0
116775.0
117025.0
117075.0
116975.0
116775.0
117125.0
117275.0
117175.0
116975.0
117425.0
117675.0
117825.0
118025.0
118075.0
117975.0
117775.0
117375.0
116575.0
114975.0
111775.0
118125.0
118425.0
118325.0
118475.0
118375.0
118525.0
118425.0
118575.0
118625.0
118675.0
118575.0
118725.0
118625.0
118425.0
118025.0
117225.0
118825.0
118975.0
119025.0
119225.0
119125.0
119275.0
119175.0
118975.0
118575.0
119325.0
119375.0
119475.0
119375.0
119175.0
119650.0
119550.0
119350.0
118950.0
118150.0
119750.0
119650.0
119800.0
119700.0
119850.0
120050.0
120100.0
120000.0
120425.0
120325.0
120125.0
119725.0
118925.0
117325.0
114125.0
107725.0
94925.0
94925.0
94825.0
94975.0
95025.0
95075.0
94975.0
95550.0
95600.0
95500.0
95300.0
94900.0
95650.0
95700.0
95600.0
95850.0
95750.0
95550.0
96500.0
96550.0
96850.0
96750.0
96950.0
97000.0
97050.0
96950.0
96750.0
96350.0
95550.0
97200.0
97250.0
97575.0
97475.0
97625.0
97675.0
97575.0
97725.0
97625.0
97775.0
97675.0
97475.0
98425.0
98475.0
98525.0
98425.0
98625.0
98525.0
98325.0
98775.0
98875.0
98975.0
98875.0
98675.0
98275.0
97475.0
99125.0
99025.0
99275.0
99175.0
99325.0
99225.0
99600.0
99700.0
99600.0
99400.0
100350.0
100250.0
100400.0
100300.0
100450.0
100350.0
100150.0
99750.0
100500.0
100400.0
100200.0
99800.0
99000.0
97400.0
94200.0
87800.0
75000.0
75050.0
74950.0
75100.0
75150.0
75250.0
75500.0
75400.0
75600.0
75800.0
75700.0
76225.0
76125.0
75925.0
75525.0
74725.0
73125.0
69925.0
76275.0
76175.0
75975.0
76325.0
76375.0
76425.0
76475.0
76525.0
76425.0
76225.0
76625.0
76775.0
76825.0
77000.0
76900.0
76700.0
76300.0
77050.0
76950.0
77450.0
77350.0
77150.0
76750.0
75950.0
74350.0
71150.0
64750.0
51950.0
52000.0
51900.0
51700.0
52100.0
52150.0
52325.0
52225.0
52375.0
52275.0
52675.0
52575.0
52725.0
52775.0
52925.0
52975.0
52875.0
53025.0
52925.0
52725.0
53125.0
53325.0
53575.0
53475.0
53275.0
52875.0
53625.0
53525.0
53325.0
52925.0
53675.0
53575.0
53725.0
53775.0
53825.0
53975.0
54175.0
54075.0
53875.0
54275.0
54425.0
54575.0
54625.0
54675.0
54725.0
54625.0
54925.0
55150.0
55050.0
54850.0
55400.0
55300.0
55100.0
55500.0
55600.0
55500.0
55300.0
54900.0
55650.0
55550.0
55350.0
54950.0
55800.0
55700.0
55900.0
55800.0
56000.0
56200.0
56100.0
56650.0
56550.0
56700.0
56600.0
56400.0
56900.0
56800.0
56950.0
57050.0
57100.0
57150.0
57050.0
57525.0
57425.0
57225.0
56825.0
57575.0
57475.0
57625.0
57775.0
57875.0
58025.0
58125.0
58025.0
58275.0
58425.0
58750.0
58650.0
59050.0
58950.0
58750.0
59350.0
59250.0
59050.0
58650.0
57850.0
59675.0
59825.0
59725.0
59525.0
59975.0
59875.0
60125.0
60375.0
60275.0
60425.0
60325.0
60125.0
60525.0
60625.0
60525.0
60325.0
59925.0
59125.0
57525.0
54325.0
47925.0
60675.0
60575.0
60725.0
60625.0
60775.0
60675.0
60475.0
60825.0
61200.0
61250.0
61150.0
61525.0
61425.0
61575.0
61625.0
61825.0
61725.0
61875.0
61975.0
61875.0
62175.0
62075.0
62225.0
62375.0
62800.0
62700.0
62500.0
62100.0
63000.0
63200.0
63250.0
63150.0
62950.0
62550.0
63300.0
63200.0
63700.0
63750.0
63650.0
63450.0
63800.0
64000.0
63900.0
64050.0
63950.0
63750.0
64150.0
64200.0
64450.0
64550.0
64450.0
64250.0
64600.0
64500.0
64650.0
64550.0
64350.0
64700.0
64800.0
64700.0
64500.0
65000.0
64900.0
64700.0
64300.0
65050.0
65150.0
65050.0
64850.0
64450.0
63650.0
62050.0
58850.0
65200.0
65100.0
64900.0
65250.0
65150.0
64950.0
65300.0
65400.0
65300.0
65100.0
65500.0
65800.0
65900.0
66000.0
65900.0
66300.0
66200.0
66000.0
65600.0
66350.0
66650.0
66550.0
66350.0
65950.0
65150.0
63550.0
60350.0
53950.0
66700.0
66600.0
66400.0
66000.0
65200.0
63600.0
66750.0
66850.0
66750.0
66900.0
66950.0
66850.0
66650.0
66250.0
67000.0
66900.0
67100.0
67250.0
67300.0
67350.0
67400.0
67700.0
67600.0
67850.0
67750.0
67900.0
68100.0
68000.0
67800.0
68425.0
68625.0
68675.0
