100050
100000
99900
99700
99300
100100
100050
99950
100450.0
100400.0
100300.0
100300.0
100500.0
100550.0
100600.0
100725.0
100850.0
100850.0
100800.0
100700.0
100500.0
100100.0
99300.0
100900.0
100900.0
100950.0
100900.0
100800.0
101000.0
100950.0
100850.0
100650.0
100250.0
99450.0
97850.0
94650.0
88250.0
75450.0
75400.0
75500.0
75450.0
75550.0
75500.0
75400.0
75600.0
75550.0
75650.0
75600.0
75700.0
75650.0
75550.0
75350.0
74950.0
75750.0
75800.0
75750.0
75650.0
75450.0
75050.0
75050.0
75850.0
75900.0
76025.0
75975.0
76075.0
76075.0
76125.0
76075.0
75975.0
76175.0
76125.0
76025.0
76225.0
76175.0
76275.0
76225.0
76325.0
76450.0
76500.0
76450.0
76350.0
76150.0
76550.0
76500.0
76600.0
76650.0
76650.0
76600.0
76850.0
76800.0
76900.0
76950.0
77000.0
77050.0
77100.0
77100.0
77050.0
76950.0
76750.0
76350.0
77150.0
77100.0
77000.0
77000.0
77200.0
77325.0
77375.0
77425.0
77375.0
77275.0
77275.0
77475.0
77475.0
77475.0
77525.0
77475.0
77725.0
77675.0
77575.0
77575.0
77775.0
77825.0
77775.0
77875.0
77875.0
77875.0
77925.0
77875.0
77975.0
77925.0
77825.0
77825.0
77625.0
78025.0
78025.0
78075.0
78025.0
78125.0
78075.0
78175.0
78125.0
78225.0
78275.0
78275.0
78225.0
78225.0
78125.0
78325.0
78325.0
78275.0
78175.0
78375.0
78325.0
78425.0
78425.0
78425.0
78375.0
78275.0
78475.0
78525.0
78600.0
78550.0
78650.0
78600.0
78500.0
78700.0
78750.0
78750.0
78700.0
78800.0
78850.0
78900.0
78850.0
78950.0
79000.0
78950.0
79050.0
79100.0
79150.0
79100.0
79200.0
79275.0
79225.0
79325.0
79325.0
79275.0
79175.0
79175.0
78975.0
78575.0
79375.0
79325.0
79425.0
79425.0
79475.0
79525.0
79475.0
79375.0
79175.0
79575.0
79625.0
79575.0
79675.0
79725.0
79775.0
79825.0
79875.0
79825.0
79725.0
79525.0
79125.0
79925.0
79875.0
79975.0
80025.0
80075.0
80125.0
80175.0
80125.0
80225.0
80175.0
80275.0
80275.0
80225.0
80325.0
80375.0
80325.0
80325.0
80225.0
80025.0
79625.0
78825.0
77225.0
77225.0
74025.0
67625.0
67625.0
54825.0
54775.0
54875.0
54825.0
55075.0
55125.0
55175.0
55225.0
55175.0
55275.0
55325.0
55325.0
55450.0
55400.0
55300.0
55300.0
55500.0
55500.0
55500.0
55550.0
55500.0
55400.0
55600.0
55550.0
55550.0
55450.0
55250.0
54850.0
54050.0
55650.0
55600.0
55700.0
55750.0
55700.0
55600.0
55800.0
55850.0
55900.0
56025.0
55975.0
55875.0
55675.0
55675.0
55275.0
54475.0
52875.0
49675.0
43275.0
56075.0
56025.0
55925.0
55725.0
56125.0
56175.0
56300.0
56350.0
56300.0
56200.0
56400.0
56350.0
56450.0
56400.0
56500.0
56450.0
56350.0
56550.0
56500.0
56600.0
56550.0
56650.0
56600.0
56500.0
56300.0
56700.0
56750.0
56700.0
56600.0
56800.0
56750.0
56900.0
56850.0
56750.0
56950.0
56900.0
57000.0
57000.0
56950.0
56850.0
56650.0
56250.0
55450.0
53850.0
50650.0
57050.0
57100.0
57150.0
57200.0
57325.0
57375.0
57325.0
57325.0
57425.0
57475.0
57525.0
57575.0
57525.0
57425.0
57225.0
56825.0
56825.0
56025.0
54425.0
54425.0
51225.0
57625.0
57675.0
57725.0
57675.0
57575.0
57775.0
57725.0
57625.0
57625.0
57425.0
57025.0
57825.0
57950.0
57950.0
58000.0
58050.0
58050.0
58050.0
58000.0
57900.0
57700.0
57700.0
57300.0
58100.0
58150.0
58200.0
58250.0
58200.0
58100.0
58300.0
58250.0
58350.0
58300.0
58400.0
58350.0
58450.0
58500.0
58450.0
58350.0
58150.0
58550.0
58600.0
58650.0
58600.0
58700.0
58750.0
58700.0
58800.0
58925.0
58975.0
59025.0
59075.0
59200.0
59250.0
59200.0
59100.0
58900.0
59300.0
59350.0
59300.0
59400.0
59450.0
59400.0
59500.0
59500.0
59450.0
59550.0
59500.0
59750.0
59700.0
59600.0
59400.0
59000.0
58200.0
56600.0
59800.0
59750.0
59650.0
59850.0
59800.0
59700.0
59900.0
59950.0
59950.0
59900.0
59800.0
59600.0
59200.0
58400.0
56800.0
56800.0
60000.0
59950.0
59850.0
59650.0
60050.0
60100.0
60150.0
60100.0
60000.0
60200.0
60150.0
60050.0
60250.0
60300.0
60250.0
60150.0
60650.0
60700.0
60750.0
60875.0
60925.0
60975.0
60925.0
61025.0
60975.0
60875.0
60675.0
61075.0
61025.0
60925.0
60725.0
60325.0
61125.0
61075.0
60975.0
61175.0
61300.0
61250.0
61500.0
61550.0
61500.0
61750.0
61700.0
61600.0
61600.0
61800.0
61750.0
61650.0
61850.0
61900.0
61950.0
62000.0
61950.0
61850.0
61650.0
62050.0
62000.0
61900.0
62100.0
62150.0
62200.0
62150.0
62250.0
62200.0
62100.0
61900.0
62300.0
62250.0
62250.0
62350.0
62400.0
62450.0
62400.0
62500.0
62550.0
62600.0
62650.0
62600.0
62700.0
62750.0
62800.0
62850.0
62900.0
62850.0
62750.0
62950.0
62900.0
62800.0
62600.0
63000.0
63050.0
63100.0
63150.0
63100.0
63200.0
63150.0
63250.0
63200.0
63450.0
63400.0
63500.0
63450.0
63350.0
63150.0
62750.0
63550.0
63500.0
63400.0
63200.0
63600.0
63650.0
63600.0
63700.0
63750.0
63800.0
63850.0
63900.0
63950.0
63950.0
64000.0
64050.0
64000.0
64000.0
63900.0
64100.0
64050.0
64150.0
64100.0
64000.0
63800.0
64200.0
64150.0
64250.0
64200.0
64300.0
64425.0
64475.0
64425.0
64425.0
64325.0
64525.0
64575.0
64525.0
64425.0
64225.0
63825.0
63025.0
61425.0
64625.0
64575.0
64475.0
64975.0
64925.0
65025.0
64975.0
64875.0
65075.0
65025.0
65125.0
65075.0
65175.0
65125.0
65125.0
65025.0
65225.0
65175.0
65275.0
65225.0
65325.0
65275.0
65175.0
65375.0
65425.0
65475.0
65525.0
65575.0
65625.0
65675.0
65725.0
65675.0
65775.0
65725.0
65825.0
65875.0
65825.0
65925.0
65875.0
65775.0
65575.0
65975.0
66025.0
65975.0
65875.0
65675.0
66675.0
66625.0
66625.0
66525.0
66725.0
66675.0
66775.0
66725.0
66825.0
66875.0
66825.0
66725.0
66525.0
66125.0
66125.0
65325.0
66925.0
66875.0
66775.0
66575.0
66975.0
67025.0
67075.0
67075.0
67125.0
67075.0
66975.0
66775.0
66375.0
67175.0
67175.0
67125.0
67225.0
67225.0
67225.0
67175.0
67275.0
67225.0
67125.0
66925.0
66525.0
67325.0
67375.0
67325.0
67225.0
67425.0
67475.0
67425.0
67425.0
67525.0
67575.0
67525.0
67625.0
67750.0
67700.0
67700.0
67800.0
67800.0
67750.0
67850.0
67800.0
67700.0
67700.0
67500.0
67100.0
67900.0
67900.0
67850.0
68000.0
67950.0
68200.0
68275.0
68325.0
68375.0
68325.0
68425.0
68550.0
68600.0
68550.0
68650.0
68600.0
68600.0
68500.0
68300.0
67900.0
67100.0
67100.0
68700.0
68650.0
68750.0
68800.0
68850.0
68900.0
68950.0
69000.0
68950.0
69200.0
69250.0
69300.0
69250.0
69350.0
69300.0
69400.0
69450.0
69400.0
69500.0
69550.0
69500.0
69400.0
69200.0
69600.0
69550.0
69650.0
69700.0
69750.0
69700.0
69600.0
69400.0
69000.0
69800.0
69750.0
69850.0
69800.0
69700.0
69900.0
69850.0
69750.0
69950.0
69900.0
70000.0
69950.0
69850.0
69650.0
70050.0
70000.0
69900.0
69700.0
69700.0
70100.0
70050.0
69950.0
69750.0
69350.0
70150.0
70200.0
70250.0
70300.0
70350.0
70300.0
70550.0
70600.0
70725.0
70675.0
70575.0
70375.0
69975.0
70775.0
70725.0
70625.0
70425.0
70825.0
70875.0
70825.0
70725.0
70725.0
71225.0
71175.0
71075.0
71075.0
70875.0
71275.0
71225.0
71225.0
71475.0
71525.0
71575.0
71525.0
71675.0
71625.0
71525.0
71525.0
71325.0
71725.0
71675.0
71775.0
71725.0
71825.0
71775.0
71675.0
71475.0
71075.0
71875.0
71925.0
71875.0
71975.0
71925.0
71825.0
71625.0
71225.0
72025.0
72025.0
71975.0
71875.0
71675.0
71275.0
73275.0
73325.0
73275.0
73175.0
72975.0
73375.0
73325.0
73225.0
73025.0
72625.0
72625.0
71825.0
70225.0
70225.0
67025.0
73425.0
73375.0
73375.0
73275.0
73775.0
73725.0
73625.0
73425.0
73825.0
73875.0
73825.0
73725.0
73525.0
73125.0
72325.0
70725.0
67525.0
61125.0
48325.0
48325.0
48375.0
48325.0
48225.0
48225.0
48025.0
47625.0
47625.0
47625.0
46825.0
45225.0
48425.0
48375.0
48475.0
48425.0
48325.0
48125.0
47725.0
48525.0
48525.0
48575.0
48525.0
48425.0
48425.0
48225.0
48625.0
48575.0
48675.0
48725.0
48775.0
48725.0
48625.0
48425.0
49025.0
49075.0
49025.0
49125.0
49075.0
48975.0
49475.0
49475.0
49525.0
49475.0
49575.0
49625.0
49675.0
49625.0
49725.0
49775.0
49825.0
49875.0
49825.0
49725.0
49725.0
49925.0
49875.0
49975.0
49975.0
50025.0
50075.0
50025.0
49925.0
49925.0
50125.0
50075.0
49975.0
49775.0
50175.0
50125.0
50025.0
50225.0
50175.0
50275.0
50325.0
50275.0
50175.0
50375.0
50425.0
50550.0
50600.0
50650.0
50600.0
50700.0
50700.0
50650.0
50750.0
50750.0
50800.0
50850.0
50800.0
50700.0
50900.0
51025.0
51075.0
51025.0
51125.0
51075.0
51175.0
51125.0
51225.0
51175.0
51275.0
51225.0
51325.0
51325.0
51275.0
51175.0
51375.0
51425.0
51550.0
51500.0
51500.0
51400.0
51600.0
51600.0
51725.0
51775.0
51825.0
51775.0
51675.0
51875.0
51925.0
51875.0
51775.0
51775.0
51575.0
51175.0
50375.0
48775.0
45575.0
51975.0
51925.0
51825.0
52025.0
51975.0
51875.0
51675.0
51275.0
52075.0
52125.0
52075.0
51975.0
52475.0
52525.0
52475.0
52575.0
52700.0
52750.0
52700.0
52600.0
52600.0
52400.0
52000.0
52800.0
52925.0
52875.0
52975.0
53025.0
52975.0
52975.0
53075.0
53125.0
53075.0
52975.0
52775.0
53175.0
53225.0
53275.0
53225.0
53325.0
53375.0
53325.0
53425.0
53475.0
53525.0
53475.0
53575.0
53525.0
53625.0
53575.0
53675.0
53675.0
53675.0
53625.0
53525.0
53725.0
53675.0
53775.0
53825.0
53775.0
53875.0
53825.0
53925.0
53875.0
53775.0
53775.0
53975.0
53925.0
54025.0
54075.0
54125.0
54175.0
54125.0
54125.0
54225.0
54175.0
54075.0
53875.0
54275.0
54400.0
54350.0
54250.0
54450.0
54500.0
54500.0
54550.0
54600.0
54650.0
54600.0
54700.0
54750.0
54800.0
54750.0
54750.0
54850.0
54800.0
55050.0
55100.0
55150.0
55200.0
55150.0
55050.0
55250.0
55200.0
55100.0
55300.0
55350.0
55400.0
55350.0
55250.0
55450.0
55400.0
55300.0
55100.0
54700.0
53900.0
55500.0
55450.0
55450.0
55600.0
55550.0
55450.0
55250.0
55650.0
55600.0
55850.0
55800.0
55900.0
55850.0
55950.0
56000.0
55950.0
55850.0
55650.0
55250.0
54450.0
58450.0
58500.0
58450.0
58350.0
58350.0
58150.0
57750.0
56950.0
58550.0
58600.0
58550.0
58650.0
58600.0
58500.0
58700.0
58650.0
58550.0
58350.0
57950.0
57150.0
57150.0
55550.0
52350.0
45950.0
33150.0
33100.0
33000.0
33500.0
33575.0
33525.0
33625.0
33575.0
33475.0
33675.0
33725.0
33775.0
33725.0
33825.0
33875.0
33925.0
33875.0
33775.0
33975.0
33925.0
33825.0
34025.0
33975.0
33875.0
34375.0
34425.0
34475.0
34475.0
34525.0
34575.0
34625.0
34625.0
34575.0
34675.0
34725.0
34675.0
34575.0
34775.0
34725.0
34625.0
34425.0
34025.0
33225.0
33225.0
31625.0
28425.0
22025.0
34825.0
34775.0
34675.0
34475.0
34075.0
34075.0
34875.0
34875.0
34825.0
34725.0
34525.0
34925.0
34875.0
35125.0
35175.0
35125.0
35125.0
35025.0
35025.0
35225.0
35275.0
35325.0
35375.0
35325.0
35225.0
35425.0
35375.0
35475.0
35525.0
35575.0
35625.0
35575.0
35475.0
35475.0
35275.0
35675.0
35625.0
35525.0
35325.0
34925.0
34125.0
32525.0
35725.0
35675.0
35775.0
35825.0
35950.0
36000.0
35950.0
35850.0
35650.0
36050.0
36000.0
35900.0
36100.0
36050.0
35950.0
35750.0
35350.0
34550.0
36150.0
36200.0
36275.0
36400.0
36350.0
36250.0
36250.0
36450.0
36450.0
36400.0
36400.0
36300.0
36500.0
36550.0
36500.0
36400.0
36400.0
36900.0
36950.0
36900.0
36800.0
36600.0
36200.0
38200.0
38200.0
38250.0
38200.0
38300.0
38250.0
38150.0
38150.0
38350.0
38350.0
38350.0
38400.0
38450.0
38500.0
38450.0
38550.0
38600.0
38550.0
38650.0
38600.0
38500.0
38700.0
38650.0
38750.0
38700.0
38600.0
38800.0
38750.0
38650.0
38650.0
38450.0
38850.0
38800.0
38900.0
38950.0
38950.0
39000.0
38950.0
38850.0
38850.0
39050.0
39000.0
39000.0
39000.0
39100.0
39150.0
39100.0
39000.0
39200.0
39150.0
39250.0
39300.0
39250.0
39150.0
38950.0
38550.0
37750.0
39350.0
39300.0
39200.0
39700.0
39650.0
39550.0
39350.0
38950.0
38150.0
36550.0
33350.0
33350.0
39750.0
39800.0
39800.0
39750.0
39650.0
39850.0
39900.0
39850.0
39950.0
40000.0
39950.0
39850.0
39650.0
39250.0
38450.0
36850.0
40050.0
40000.0
40100.0
40050.0
39950.0
40150.0
40100.0
40000.0
39800.0
40200.0
40250.0
40300.0
40350.0
40400.0
40450.0
40500.0
40450.0
40550.0
40500.0
40600.0
40550.0
40650.0
40600.0
40700.0
40750.0
40800.0
40750.0
40650.0
40850.0
40800.0
40900.0
40900.0
40850.0
40750.0
40550.0
40150.0
40950.0
41000.0
41050.0
41100.0
41150.0
41200.0
41250.0
41300.0
41250.0
41150.0
40950.0
41550.0
41675.0
41725.0
41675.0
41575.0
41775.0
41725.0
41825.0
41825.0
41775.0
42025.0
41975.0
42075.0
42025.0
42125.0
42175.0
42125.0
42225.0
42175.0
42075.0
42375.0
42425.0
42475.0
42425.0
42325.0
42125.0
42525.0
42650.0
42700.0
42750.0
42700.0
42600.0
42400.0
42800.0
42850.0
42900.0
42850.0
42850.0
42750.0
42550.0
43550.0
43500.0
43400.0
43200.0
43200.0
42800.0
42000.0
43600.0
43650.0
43650.0
43700.0
43700.0
43650.0
43750.0
43800.0
43850.0
43800.0
43900.0
43950.0
44000.0
44050.0
44100.0
44050.0
44150.0
44100.0
44000.0
44200.0
44200.0
44150.0
44250.0
44250.0
44200.0
44100.0
43900.0
43900.0
43900.0
43500.0
42700.0
41100.0
37900.0
31500.0
18700.0
99950
100200.0
100250.0
100200.0
100100.0
99900.0
99900.0
99500.0
101500.0
101550.0
101600.0
101550.0
101450.0
101250.0
100850.0
100050.0
98450.0
95250.0
88850.0
76050.0
76100.0
76050.0
75950.0
75750.0
76150.0
76150.0
76200.0
76150.0
76050.0
75850.0
76250.0
76200.0
76100.0
75900.0
75500.0
74700.0
76300.0
76250.0
76350.0
76400.0
76450.0
76400.0
76650.0
76700.0
76750.0
76700.0
76600.0
76400.0
76400.0
76800.0
76750.0
76650.0
76850.0
76850.0
76900.0
76950.0
77075.0
77125.0
77175.0
77225.0
77275.0
77225.0
77125.0
77325.0
77275.0
77175.0
77375.0
77325.0
77225.0
77025.0
76625.0
75825.0
74225.0
82225.0
82175.0
82275.0
82325.0
82325.0
82275.0
82175.0
82375.0
82375.0
82375.0
82325.0
82225.0
82025.0
81625.0
82425.0
82375.0
82625.0
82575.0
82475.0
82675.0
82625.0
82525.0
82325.0
81925.0
81125.0
79525.0
76325.0
69925.0
69925.0
82725.0
82675.0
82675.0
82575.0
82375.0
82775.0
82725.0
82825.0
82775.0
82675.0
82875.0
82825.0
82725.0
82925.0
82975.0
82925.0
82825.0
82625.0
83025.0
82975.0
82875.0
82675.0
83075.0
83125.0
83175.0
83125.0
83025.0
82825.0
82425.0
83225.0
83275.0
83225.0
83125.0
83325.0
83450.0
83500.0
83450.0
83550.0
83500.0
83400.0
83200.0
82800.0
82000.0
80400.0
83600.0
83550.0
83650.0
83600.0
83500.0
83700.0
83750.0
83700.0
83800.0
83850.0
83900.0
83850.0
83950.0
83950.0
83950.0
84000.0
84050.0
84100.0
84150.0
84275.0
84225.0
84125.0
83925.0
83525.0
84325.0
84325.0
84375.0
84325.0
84325.0
84425.0
84375.0
84275.0
84075.0
83675.0
82875.0
84475.0
84525.0
84575.0
84525.0
84625.0
84675.0
84625.0
84725.0
84775.0
84775.0
84725.0
84625.0
84425.0
84025.0
84825.0
84875.0
84925.0
84975.0
84925.0
85025.0
84975.0
84975.0
85075.0
85125.0
85125.0
85075.0
85175.0
85225.0
85275.0
85325.0
85275.0
85375.0
85425.0
85425.0
85375.0
85275.0
85475.0
85425.0
85325.0
85525.0
85575.0
85525.0
85625.0
85675.0
85625.0
85725.0
85850.0
85850.0
85800.0
85700.0
85500.0
85100.0
84300.0
82700.0
85900.0
85850.0
85950.0
85900.0
85800.0
85600.0
85200.0
87200.0
87200.0
87150.0
87150.0
87050.0
87250.0
87300.0
87250.0
87150.0
87350.0
87350.0
87400.0
87350.0
87250.0
87050.0
86650.0
87450.0
87400.0
87400.0
87400.0
87300.0
87500.0
87450.0
87350.0
87150.0
86750.0
87550.0
87600.0
87650.0
87600.0
87500.0
87700.0
87700.0
87700.0
87825.0
87875.0
87825.0
87925.0
87975.0
88025.0
87975.0
87875.0
87675.0
87275.0
88075.0
88200.0
88150.0
88150.0
88050.0
87850.0
88250.0
88300.0
88250.0
88150.0
88150.0
88150.0
87950.0
88350.0
88300.0
88200.0
88000.0
88400.0
88450.0
88400.0
88500.0
88450.0
88350.0
88150.0
87750.0
88550.0
88500.0
88600.0
88550.0
88450.0
88250.0
87850.0
88650.0
88600.0
88500.0
88700.0
88650.0
88750.0
88700.0
88600.0
88800.0
88800.0
88750.0
88650.0
88450.0
88850.0
88800.0
88900.0
88850.0
88950.0
89000.0
89050.0
89100.0
89050.0
88950.0
88750.0
89150.0
89100.0
89000.0
89500.0
89500.0
89450.0
89350.0
89550.0
89500.0
89400.0
89400.0
89600.0
89550.0
89450.0
89250.0
89650.0
89600.0
89700.0
89750.0
89800.0
89750.0
89850.0
89800.0
89700.0
89500.0
89900.0
89850.0
89750.0
89550.0
89150.0
89150.0
88350.0
88350.0
89950.0
89900.0
89800.0
89600.0
90000.0
90050.0
90050.0
90100.0
90100.0
90150.0
90150.0
90100.0
90200.0
90250.0
90300.0
90425.0
90475.0
90425.0
90675.0
90625.0
90525.0
90725.0
90675.0
90775.0
90825.0
90875.0
90825.0
90925.0
90975.0
91100.0
91050.0
91050.0
91150.0
91100.0
91100.0
91000.0
91200.0
91150.0
91250.0
91300.0
91350.0
91300.0
91400.0
91350.0
91250.0
91450.0
91400.0
91300.0
91500.0
91500.0
91450.0
91350.0
91150.0
91550.0
91500.0
91600.0
91550.0
91650.0
91600.0
91500.0
91300.0
90900.0
91700.0
91750.0
91700.0
91800.0
91850.0
91800.0
91900.0
91850.0
91750.0
91950.0
91900.0
91900.0
92000.0
91950.0
91850.0
92050.0
92000.0
91900.0
91900.0
91700.0
91300.0
92100.0
92050.0
91950.0
92150.0
92100.0
92200.0
92150.0
92400.0
92350.0
92350.0
92250.0
92750.0
92750.0
92700.0
92800.0
92750.0
92650.0
92450.0
92850.0
92850.0
92800.0
92700.0
92900.0
92850.0
92750.0
92550.0
92550.0
92950.0
93000.0
93125.0
93075.0
92975.0
92975.0
93175.0
93125.0
93225.0
93225.0
93225.0
93175.0
93275.0
93325.0
93275.0
93175.0
92975.0
92575.0
92575.0
93375.0
93425.0
93375.0
93275.0
93075.0
92675.0
94675.0
94625.0
94525.0
94725.0
94675.0
94575.0
94375.0
93975.0
93175.0
91575.0
94775.0
94725.0
94825.0
94875.0
94925.0
95050.0
95050.0
95000.0
95100.0
95050.0
95200.0
95150.0
95050.0
95250.0
95200.0
95100.0
95100.0
94900.0
94500.0
93700.0
95300.0
95350.0
95475.0
95425.0
95325.0
95125.0
95525.0
95650.0
95775.0
95775.0
95725.0
95975.0
95925.0
95825.0
95625.0
95225.0
94425.0
94425.0
92825.0
89625.0
83225.0
96025.0
96075.0
96125.0
96175.0
96125.0
96025.0
95825.0
96225.0
96275.0
96225.0
96325.0
96275.0
96175.0
96375.0
96325.0
96225.0
96425.0
96375.0
96475.0
96425.0
96325.0
96525.0
96475.0
96575.0
96625.0
96575.0
96475.0
96275.0
96675.0
96625.0
96525.0
96325.0
96725.0
96850.0
96800.0
96900.0
96850.0
96750.0
96550.0
96150.0
95350.0
96950.0
96900.0
97000.0
97000.0
97050.0
97000.0
96900.0
96700.0
97100.0
97100.0
97050.0
97050.0
96950.0
97150.0
97100.0
97200.0
97250.0
97200.0
97100.0
97300.0
97250.0
97150.0
97150.0
96950.0
96550.0
97350.0
97300.0
97200.0
97200.0
97400.0
97450.0
97500.0
97500.0
97550.0
97600.0
97650.0
97600.0
97700.0
97650.0
97550.0
98050.0
98000.0
98100.0
98050.0
97950.0
97750.0
97750.0
98150.0
98100.0
98350.0
98300.0
98300.0
98200.0
98200.0
98400.0
98350.0
98450.0
98450.0
98500.0
98450.0
98350.0
98550.0
98500.0
98600.0
98725.0
98675.0
98775.0
98725.0
98725.0
98625.0
98625.0
98425.0
99425.0
99425.0
99425.0
99375.0
99275.0
99475.0
99425.0
99325.0
99125.0
98725.0
98725.0
97925.0
96325.0
99525.0
99475.0
99725.0
99775.0
99825.0
99875.0
99925.0
99925.0
99875.0
99875.0
99775.0
99975.0
99925.0
100025.0
100075.0
100025.0
100125.0
100175.0
100125.0
100225.0
100275.0
100325.0
100275.0
100175.0
99975.0
100375.0
100425.0
100475.0
100475.0
100525.0
100475.0
100375.0
100575.0
100525.0
100625.0
100675.0
100725.0
100775.0
100825.0
100875.0
100875.0
100925.0
100875.0
100775.0
100575.0
100175.0
100975.0
100925.0
100825.0
100625.0
100225.0
99425.0
101025.0
100975.0
100875.0
101075.0
101075.0
101025.0
100925.0
100725.0
100325.0
102325.0
102275.0
102375.0
102375.0
102425.0
102475.0
102425.0
102525.0
102475.0
102375.0
102175.0
103175.0
103225.0
103300.0
103350.0
103400.0
103350.0
103250.0
103050.0
102650.0
101850.0
100250.0
103450.0
103400.0
103400.0
103300.0
103100.0
103500.0
103450.0
103550.0
103550.0
103600.0
103550.0
103450.0
103650.0
103700.0
103650.0
103750.0
103800.0
103850.0
103800.0
103700.0
103900.0
103950.0
103900.0
103800.0
104300.0
104250.0
104150.0
103950.0
104350.0
104300.0
104200.0
104700.0
104750.0
104800.0
104850.0
104850.0
104800.0
104900.0
104950.0
104900.0
105000.0
105050.0
105000.0
105100.0
105150.0
105150.0
105200.0
105250.0
105300.0
105350.0
105300.0
105200.0
105700.0
105750.0
105700.0
105600.0
105800.0
105850.0
105800.0
105900.0
105950.0
105950.0
106000.0
106000.0
105950.0
105850.0
106050.0
106100.0
106150.0
106100.0
106200.0
106250.0
106200.0
106100.0
105900.0
105500.0
106300.0
106250.0
106150.0
106650.0
106600.0
106600.0
106700.0
106750.0
106700.0
106600.0
106400.0
106800.0
106850.0
106800.0
106700.0
106900.0
106850.0
106950.0
106900.0
107000.0
106950.0
107050.0
107000.0
106900.0
107100.0
107225.0
107275.0
107225.0
107125.0
106925.0
107325.0
107375.0
107325.0
107225.0
107225.0
107025.0
107425.0
107550.0
107500.0
107600.0
107550.0
107650.0
107700.0
107650.0
107550.0
107750.0
107800.0
107750.0
107850.0
107900.0
107850.0
107950.0
108000.0
108050.0
108175.0
108225.0
108175.0
108275.0
108325.0
108325.0
108275.0
108175.0
107975.0
107575.0
108375.0
108425.0
108375.0
108275.0
108475.0
108425.0
108425.0
108325.0
108125.0
107725.0
106925.0
105325.0
113325.0
113325.0
113275.0
113175.0
113375.0
113325.0
113425.0
113375.0
113475.0
113425.0
113325.0
113525.0
113575.0
113625.0
113575.0
113675.0
113725.0
113675.0
113775.0
113725.0
113975.0
114025.0
114075.0
114075.0
114125.0
114175.0
114125.0
114025.0
113825.0
113425.0
114225.0
114175.0
114275.0
114275.0
114225.0
114125.0
113925.0
114925.0
114975.0
114925.0
114825.0
114625.0
114225.0
115025.0
115075.0
115025.0
114925.0
115125.0
115125.0
115175.0
115225.0
115175.0
115075.0
115275.0
115225.0
115125.0
115325.0
115275.0
115175.0
114975.0
114975.0
114575.0
113775.0
115375.0
115325.0
115225.0
115225.0
115025.0
114625.0
113825.0
112225.0
109025.0
115425.0
115375.0
115275.0
115075.0
114675.0
115475.0
115525.0
115575.0
115625.0
115675.0
115625.0
115525.0
115725.0
115675.0
115575.0
115375.0
115775.0
115825.0
115875.0
115925.0
115975.0
115925.0
115825.0
115625.0
115225.0
114425.0
116025.0
116075.0
116025.0
115925.0
116125.0
116125.0
116075.0
116175.0
116125.0
116025.0
115825.0
115425.0
114625.0
113025.0
116225.0
116275.0
116325.0
116275.0
116175.0
116375.0
116375.0
116325.0
116575.0
116625.0
116675.0
116625.0
116725.0
116675.0
116675.0
116775.0
116825.0
116775.0
116775.0
116775.0
116875.0
116925.0
116875.0
116775.0
116575.0
117575.0
117625.0
117575.0
117475.0
117275.0
117675.0
117675.0
117625.0
117525.0
117325.0
117725.0
117675.0
117575.0
117375.0
116975.0
116175.0
117775.0
117825.0
117825.0
117775.0
117875.0
117875.0
117825.0
117725.0
117525.0
117525.0
117925.0
117975.0
117975.0
117925.0
117925.0
117925.0
117825.0
117625.0
117225.0
118025.0
117975.0
118225.0
118275.0
118225.0
118325.0
118375.0
118325.0
118225.0
118425.0
118375.0
118375.0
118475.0
118425.0
118325.0
118825.0
118875.0
118825.0
118925.0
118875.0
118775.0
118575.0
118975.0
119025.0
119075.0
119025.0
118925.0
119125.0
119075.0
119175.0
119175.0
119125.0
119025.0
119225.0
119175.0
119275.0
119325.0
119375.0
119325.0
119225.0
119725.0
119675.0
119775.0
119775.0
119775.0
119725.0
119975.0
119925.0
120025.0
120025.0
119975.0
119875.0
120075.0
120025.0
120025.0
119925.0
120125.0
120075.0
120175.0
120225.0
120275.0
120325.0
120450.0
120500.0
120450.0
120350.0
120550.0
120600.0
120550.0
120650.0
120650.0
120700.0
120650.0
120550.0
120350.0
120750.0
120700.0
120600.0
120800.0
120850.0
120800.0
120700.0
121200.0
121150.0
121250.0
121200.0
121100.0
120900.0
121300.0
121250.0
121350.0
121400.0
121450.0
121575.0
121525.0
121625.0
121750.0
121700.0
121800.0
121850.0
121800.0
121900.0
121900.0
121950.0
121950.0
121900.0
121800.0
121600.0
122000.0
121950.0
121850.0
121650.0
121650.0
122050.0
122100.0
122050.0
121950.0
122150.0
122100.0
122000.0
122200.0
122250.0
122375.0
122425.0
122375.0
122275.0
122075.0
122475.0
122425.0
122525.0
122525.0
122475.0
122375.0
122875.0
122825.0
122825.0
122925.0
122875.0
122975.0
122925.0
123025.0
123075.0
123125.0
123175.0
123175.0
123225.0
123275.0
123400.0
123350.0
123450.0
123450.0
123400.0
123500.0
123450.0
123550.0
123500.0
123400.0
123600.0
123650.0
123650.0
123600.0
123500.0
123300.0
123700.0
123650.0
123550.0
123750.0
123700.0
123950.0
124000.0
123950.0
123850.0
123650.0
124050.0
124000.0
124100.0
124050.0
123950.0
123750.0
124150.0
124200.0
124150.0
124250.0
124300.0
124350.0
124300.0
124200.0
124000.0
123600.0
124400.0
124450.0
124500.0
124550.0
124500.0
124600.0
124650.0
124700.0
124750.0
124700.0
124800.0
124750.0
124650.0
124850.0
124800.0
124700.0
124900.0
124950.0
124900.0
124800.0
124600.0
124200.0
125000.0
124950.0
124850.0
124850.0
125050.0
125100.0
125150.0
125100.0
125000.0
125200.0
125150.0
125050.0
124850.0
124450.0
125250.0
125200.0
125300.0
125350.0
125300.0
125400.0
125450.0
125400.0
125500.0
125550.0
125600.0
125550.0
125450.0
125250.0
124850.0
124850.0
124850.0
125650.0
125700.0
125650.0
125550.0
125350.0
124950.0
125750.0
125700.0
125600.0
125800.0
125800.0
125850.0
125900.0
125850.0
125750.0
125950.0
125900.0
126000.0
125950.0
126200.0
126250.0
126300.0
126350.0
126300.0
126400.0
126350.0
126350.0
126450.0
126400.0
126300.0
126100.0
125700.0
126500.0
126450.0
126550.0
126600.0
126550.0
126650.0
126600.0
126500.0
126700.0
126650.0
126550.0
126350.0
125950.0
126750.0
126750.0
126875.0
126925.0
126975.0
127025.0
126975.0
126975.0
127075.0
127025.0
126925.0
126725.0
126325.0
125525.0
123925.0
127125.0
127075.0
126975.0
127175.0
127125.0
127025.0
127225.0
127175.0
127175.0
127075.0
126875.0
126475.0
126475.0
127275.0
127325.0
127275.0
127375.0
127425.0
127375.0
127275.0
127075.0
126675.0
125875.0
124275.0
127475.0
127525.0
127575.0
127625.0
127675.0
127725.0
127675.0
127575.0
127775.0
127825.0
127875.0
128000.0
128125.0
128175.0
128225.0
128175.0
128075.0
127875.0
127475.0
128275.0
128275.0
128225.0
128325.0
128375.0
128325.0
128225.0
128225.0
128025.0
127625.0
127625.0
126825.0
125225.0
122025.0
128425.0
128375.0
128475.0
128425.0
128525.0
128475.0
128375.0
128575.0
128700.0
128650.0
128750.0
128700.0
128800.0
128750.0
128750.0
128650.0
128450.0
128050.0
127250.0
128850.0
128800.0
128700.0
128500.0
128100.0
127300.0
128900.0
128950.0
129000.0
128950.0
129050.0
129050.0
129100.0
129150.0
129200.0
129150.0
129050.0
128850.0
128450.0
127650.0
126050.0
129250.0
129200.0
129200.0
129100.0
128900.0
128500.0
129300.0
129250.0
129250.0
129150.0
128950.0
128550.0
129350.0
129400.0
129350.0
129450.0
129450.0
129400.0
129500.0
129550.0
129500.0
129400.0
129200.0
128800.0
129600.0
129550.0
129450.0
129250.0
129650.0
129700.0
129700.0
129650.0
129750.0
129700.0
129600.0
129400.0
129000.0
128200.0
129800.0
129800.0
129850.0
129900.0
129850.0
129750.0
129550.0
129950.0
129900.0
129800.0
129600.0
129200.0
130000.0
130050.0
130100.0
130050.0
130150.0
130200.0
130250.0
130300.0
130250.0
130350.0
130400.0
130450.0
130400.0
130400.0
130300.0
130100.0
129700.0
130500.0
130450.0
130350.0
130150.0
130150.0
130550.0
130600.0
130650.0
130650.0
130700.0
130750.0
130800.0
130750.0
130650.0
130450.0
130850.0
130800.0
130700.0
130900.0
131025.0
131075.0
131025.0
130925.0
131125.0
131125.0
131175.0
131225.0
131225.0
131275.0
131275.0
131225.0
131325.0
131375.0
131425.0
131375.0
131275.0
131275.0
131075.0
130675.0
132675.0
132625.0
132725.0
132775.0
132825.0
132875.0
132925.0
132875.0
132775.0
132975.0
133025.0
133075.0
133025.0
133125.0
133175.0
133175.0
133225.0
133275.0
133225.0
133325.0
133375.0
133500.0
133550.0
133600.0
133550.0
133650.0
133700.0
133650.0
133750.0
133700.0
133800.0
133850.0
133900.0
133850.0
133950.0
134000.0
134050.0
134100.0
134050.0
133950.0
133750.0
134750.0
134800.0
134850.0
134850.0
134850.0
134800.0
134900.0
134850.0
134750.0
134950.0
135000.0
135000.0
134950.0
134850.0
134650.0
135050.0
135175.0
135225.0
135175.0
135275.0
135225.0
135125.0
134925.0
134525.0
135325.0
135275.0
135175.0
135375.0
135375.0
135325.0
135225.0
135025.0
134625.0
133825.0
132225.0
140225.0
140275.0
140225.0
140325.0
140375.0
140425.0
140475.0
140525.0
140575.0
140625.0
140575.0
140475.0
140675.0
140625.0
140525.0
140325.0
141325.0
141450.0
141500.0
141450.0
141450.0
141450.0
141350.0
141350.0
141550.0
141600.0
141600.0
141650.0
141700.0
141650.0
141750.0
141700.0
141600.0
141400.0
141800.0
141850.0
141900.0
141950.0
141900.0
142000.0
142050.0
142000.0
141900.0
141700.0
141700.0
141300.0
140500.0
138900.0
138900.0
142100.0
142050.0
142300.0
142350.0
142350.0
142400.0
142350.0
142450.0
142500.0
142550.0
142500.0
142500.0
142600.0
142550.0
142450.0
142650.0
142700.0
142650.0
142550.0
142350.0
142750.0
142700.0
142800.0
142850.0
142900.0
142950.0
143000.0
142950.0
143100.0
143150.0
143200.0
143150.0
143250.0
143300.0
143250.0
143150.0
142950.0
142550.0
141750.0
143350.0
143400.0
143450.0
143400.0
143300.0
143300.0
143500.0
143450.0
143350.0
143350.0
143550.0
143600.0
143650.0
143600.0
143700.0
143700.0
143650.0
143550.0
143350.0
142950.0
143750.0
143700.0
143950.0
143950.0
143900.0
143800.0
144000.0
144050.0
144000.0
144100.0
144050.0
143950.0
143750.0
143350.0
142550.0
140950.0
137750.0
153750.0
153700.0
153800.0
153850.0
153900.0
153900.0
153950.0
153900.0
153800.0
154000.0
154000.0
154050.0
154000.0
154100.0
154150.0
154200.0
154150.0
154250.0
154200.0
154300.0
154350.0
154400.0
154350.0
154350.0
154250.0
154450.0
154500.0
154575.0
154625.0
154675.0
154725.0
154675.0
154575.0
154375.0
153975.0
154775.0
154825.0
154775.0
154875.0
154925.0
154875.0
155125.0
155175.0
155175.0
155225.0
155275.0
155225.0
155475.0
155525.0
155575.0
155625.0
155675.0
155625.0
155525.0
155725.0
155775.0
155850.0
155900.0
155900.0
155850.0
155950.0
155900.0
155800.0
155600.0
156000.0
156050.0
156000.0
155900.0
156100.0
156150.0
156275.0
156225.0
156325.0
156275.0
156375.0
156325.0
156425.0
156375.0
156275.0
156075.0
155675.0
156475.0
156525.0
156475.0
156475.0
156375.0
156175.0
155775.0
156575.0
156625.0
156675.0
156750.0
156700.0
156600.0
156800.0
156850.0
156975.0
156925.0
157025.0
156975.0
156875.0
157075.0
157075.0
157075.0
157125.0
157175.0
157125.0
157225.0
157175.0
157275.0
157325.0
157325.0
157275.0
157375.0
157425.0
157475.0
157525.0
157475.0
157575.0
157525.0
157625.0
157575.0
157675.0
157725.0
157850.0
157800.0
157900.0
157850.0
158100.0
158050.0
158050.0
157950.0
158150.0
158100.0
158200.0
158250.0
158300.0
158350.0
158400.0
158450.0
158450.0
158500.0
158500.0
158550.0
158600.0
158600.0
158550.0
158450.0
158950.0
158900.0
159150.0
159200.0
159250.0
159300.0
159350.0
159300.0
159200.0
159400.0
159450.0
159400.0
159300.0
159500.0
159450.0
159350.0
159850.0
159800.0
159700.0
159500.0
159900.0
159900.0
159850.0
159750.0
159550.0
159150.0
158350.0
156750.0
159950.0
160000.0
159950.0
160050.0
160100.0
160050.0
160150.0
160100.0
160100.0
160200.0
160200.0
160150.0
160050.0
160250.0
160250.0
160300.0
160425.0
160475.0
160475.0
160425.0
160325.0
160825.0
160775.0
160675.0
160475.0
160075.0
160875.0
160925.0
160975.0
160925.0
160825.0
160625.0
161025.0
160975.0
160875.0
161075.0
161125.0
161175.0
161125.0
161225.0
161175.0
161075.0
160875.0
160475.0
159675.0
159675.0
161275.0
161325.0
161275.0
161375.0
161500.0
161450.0
161350.0
161550.0
161500.0
161400.0
161200.0
160800.0
160000.0
160000.0
161600.0
161725.0
161675.0
161775.0
161825.0
161775.0
161775.0
161875.0
161925.0
161975.0
161925.0
161825.0
161625.0
162625.0
162675.0
162625.0
162525.0
162325.0
162725.0
162675.0
162575.0
162775.0
162825.0
162775.0
162675.0
162475.0
162875.0
162825.0
162925.0
163050.0
163050.0
163100.0
163150.0
163200.0
163250.0
163300.0
163250.0
163500.0
163550.0
163600.0
163600.0
163650.0
163600.0
163500.0
163300.0
163700.0
163750.0
163800.0
163750.0
163850.0
163900.0
163950.0
163900.0
164000.0
163950.0
163850.0
164050.0
164050.0
164000.0
163900.0
163900.0
164100.0
164050.0
163950.0
164150.0
164100.0
164200.0
164150.0
164250.0
164375.0
164425.0
164475.0
164525.0
164475.0
164375.0
164175.0
164575.0
164525.0
164425.0
164225.0
164625.0
164750.0
164800.0
164750.0
164650.0
164850.0
164800.0
164700.0
164500.0
165500.0
165450.0
165550.0
165600.0
165650.0
165700.0
165750.0
165700.0
165950.0
166075.0
166125.0
166125.0
166175.0
166125.0
166025.0
166225.0
166175.0
166075.0
166375.0
166425.0
166375.0
166625.0
166625.0
166575.0
166675.0
166800.0
166750.0
166850.0
166900.0
166850.0
166750.0
166550.0
166150.0
166150.0
166150.0
165350.0
163750.0
166950.0
166900.0
166800.0
167000.0
166950.0
166950.0
166850.0
167050.0
167100.0
167050.0
167150.0
167100.0
167000.0
167000.0
167200.0
167150.0
167250.0
167300.0
167250.0
167350.0
167300.0
167200.0
167400.0
167350.0
167250.0
167050.0
167050.0
167050.0
168050.0
168175.0
168225.0
168175.0
168275.0
168275.0
168225.0
168125.0
168325.0
168375.0
168325.0
168425.0
168375.0
168275.0
168775.0
168825.0
168775.0
168875.0
168825.0
168725.0
168525.0
168125.0
167325.0
165725.0
162525.0
162525.0
156125.0
143325.0
143275.0
143175.0
143375.0
143375.0
143425.0
143375.0
143275.0
143075.0
143475.0
143425.0
143325.0
143125.0
142725.0
142725.0
143525.0
143475.0
143725.0
143775.0
143725.0
143825.0
143775.0
143875.0
143825.0
143925.0
143875.0
143775.0
143975.0
144025.0
144075.0
144025.0
143925.0
143725.0
143325.0
144125.0
144075.0
143975.0
144175.0
144225.0
144175.0
144075.0
144275.0
144400.0
144350.0
144450.0
144400.0
144500.0
144450.0
144350.0
144550.0
144500.0
144400.0
144200.0
145200.0
145150.0
145150.0
145050.0
144850.0
145250.0
145250.0
145200.0
145100.0
145300.0
145250.0
145150.0
145350.0
145400.0
145350.0
145450.0
145500.0
145450.0
145550.0
145600.0
145550.0
145650.0
145600.0
145700.0
145750.0
145700.0
145600.0
145400.0
146400.0
146450.0
146450.0
146500.0
146450.0
146550.0
146500.0
146400.0
146400.0
146200.0
146600.0
146550.0
146450.0
146250.0
145850.0
145850.0
145050.0
143450.0
143450.0
140250.0
146650.0
146700.0
146750.0
146700.0
146600.0
146800.0
146750.0
146750.0
146850.0
146800.0
146700.0
147200.0
147250.0
147300.0
147250.0
147500.0
147450.0
147350.0
147150.0
147550.0
147500.0
147600.0
147550.0
147450.0
147250.0
147650.0
147700.0
147750.0
147875.0
147825.0
147925.0
147875.0
147975.0
147925.0
148025.0
148150.0
148100.0
148000.0
148200.0
148150.0
148050.0
148250.0
148200.0
148100.0
148300.0
148350.0
148300.0
148200.0
148000.0
148400.0
148350.0
148250.0
148050.0
147650.0
148450.0
148575.0
148525.0
148425.0
148225.0
147825.0
147025.0
148625.0
148575.0
148475.0
148275.0
147875.0
147875.0
148675.0
148675.0
148725.0
148675.0
148775.0
148725.0
148825.0
148875.0
148825.0
148825.0
148925.0
148975.0
149025.0
148975.0
149075.0
149025.0
148925.0
149125.0
149175.0
149225.0
149175.0
149075.0
148875.0
148475.0
148475.0
149275.0
149225.0
149125.0
148925.0
148525.0
149325.0
149275.0
149525.0
149575.0
149525.0
149425.0
149625.0
149675.0
149625.0
149525.0
149325.0
149725.0
149725.0
149725.0
149775.0
149725.0
149625.0
149425.0
149825.0
149875.0
149925.0
149875.0
149775.0
149575.0
149175.0
149975.0
149925.0
149825.0
150025.0
150075.0
150025.0
149925.0
150125.0
150075.0
149975.0
149975.0
150175.0
150300.0
150250.0
150500.0
150450.0
150450.0
150550.0
150600.0
150650.0
150700.0
150650.0
150650.0
150900.0
150850.0
150750.0
150950.0
150900.0
150800.0
150600.0
150200.0
149400.0
151000.0
150950.0
150850.0
151050.0
151100.0
151150.0
151100.0
151000.0
151200.0
151250.0
151250.0
151200.0
151100.0
150900.0
150500.0
151300.0
151250.0
151150.0
151350.0
151400.0
151450.0
151500.0
151450.0
151700.0
151750.0
151800.0
151925.0
151975.0
151925.0
151825.0
151625.0
152625.0
152625.0
152575.0
152475.0
152675.0
152625.0
152725.0
152800.0
152750.0
152650.0
152650.0
152450.0
152050.0
154050.0
154100.0
154050.0
154050.0
154150.0
154275.0
154325.0
154275.0
154375.0
154325.0
154425.0
154475.0
154475.0
154425.0
154325.0
154325.0
154525.0
154575.0
154625.0
154675.0
154625.0
154625.0
154725.0
154775.0
154775.0
154825.0
154775.0
154875.0
154825.0
154825.0
154725.0
154725.0
154925.0
154875.0
154875.0
154775.0
154575.0
154175.0
153375.0
151775.0
148575.0
154975.0
155025.0
155075.0
155025.0
155125.0
155075.0
155075.0
155075.0
154975.0
154775.0
155175.0
155175.0
155175.0
155125.0
155025.0
155225.0
155275.0
155225.0
155325.0
155275.0
155375.0
155375.0
155325.0
155225.0
155425.0
155475.0
155525.0
155575.0
155525.0
155625.0
155575.0
155475.0
155675.0
155625.0
155525.0
155325.0
155725.0
155675.0
155675.0
155575.0
155375.0
154975.0
154175.0
152575.0
155775.0
155725.0
155625.0
156125.0
156175.0
156225.0
156175.0
156075.0
156275.0
156325.0
156275.0
156375.0
156425.0
156375.0
156275.0
156075.0
156475.0
156525.0
156575.0
156700.0
156650.0
156650.0
156550.0
156350.0
156750.0
156700.0
156800.0
156750.0
156650.0
156450.0
156050.0
156850.0
156900.0
156950.0
156900.0
157000.0
156950.0
156850.0
157050.0
157000.0
156900.0
156700.0
156300.0
155500.0
157100.0
157050.0
157150.0
157100.0
157200.0
157250.0
157300.0
157250.0
157150.0
157350.0
157300.0
157400.0
157400.0
157350.0
157250.0
157050.0
156650.0
157450.0
157500.0
157450.0
157350.0
157550.0
157600.0
157650.0
157700.0
157650.0
157750.0
157700.0
157600.0
157800.0
157850.0
157800.0
157800.0
157900.0
157850.0
157950.0
157900.0
157800.0
157600.0
158000.0
157950.0
157850.0
158050.0
158100.0
158225.0
158275.0
158225.0
158325.0
158450.0
158400.0
158300.0
158300.0
158100.0
157700.0
156900.0
155300.0
152100.0
158500.0
158550.0
158500.0
158400.0
158200.0
157800.0
158600.0
158550.0
158550.0
158450.0
158250.0
158650.0
158600.0
158500.0
158300.0
159300.0
159300.0
159250.0
159350.0
159300.0
159400.0
159450.0
159400.0
159300.0
159100.0
159500.0
159550.0
159600.0
159550.0
159450.0
159650.0
159600.0
159700.0
159775.0
159825.0
159875.0
159825.0
159925.0
159925.0
159875.0
159775.0
159575.0
159175.0
159975.0
160025.0
159975.0
160075.0
160125.0
160075.0
159975.0
159775.0
160175.0
160125.0
160025.0
160225.0
160175.0
160075.0
160575.0
160625.0
160575.0
160475.0
160675.0
160725.0
160675.0
160575.0
160375.0
160775.0
160725.0
160625.0
160825.0
160875.0
160825.0
160825.0
160725.0
160925.0
160975.0
160925.0
161025.0
160975.0
160875.0
161075.0
161025.0
161125.0
161175.0
161125.0
161025.0
161225.0
161175.0
161275.0
161225.0
161375.0
161325.0
161425.0
161375.0
161475.0
161425.0
161325.0
161525.0
161575.0
161525.0
161625.0
161575.0
161675.0
161725.0
161775.0
161825.0
161875.0
161825.0
161725.0
161525.0
161925.0
161875.0
161775.0
161775.0
161975.0
162025.0
161975.0
161875.0
162075.0
162025.0
162125.0
162175.0
162125.0
162025.0
161825.0
161425.0
162225.0
162175.0
162175.0
162075.0
162275.0
162225.0
162125.0
162325.0
162275.0
162175.0
162375.0
162375.0
162325.0
162225.0
162025.0
161625.0
162425.0
162375.0
162275.0
162275.0
162475.0
162425.0
162525.0
162575.0
162525.0
162525.0
162425.0
162625.0
162675.0
162725.0
162775.0
162825.0
162775.0
162875.0
162825.0
162925.0
162975.0
162975.0
163100.0
163050.0
163050.0
163150.0
163200.0
163150.0
163250.0
163200.0
163100.0
163300.0
163250.0
163350.0
163400.0
163350.0
163450.0
163400.0
163300.0
163500.0
163450.0
163700.0
163825.0
163775.0
163675.0
163475.0
163875.0
163825.0
163925.0
163925.0
163975.0
163975.0
163925.0
164025.0
164075.0
164075.0
164125.0
164075.0
163975.0
164175.0
164125.0
164025.0
163825.0
164225.0
164175.0
164075.0
164275.0
164325.0
164375.0
164325.0
164225.0
164225.0
164725.0
164775.0
164825.0
164775.0
164675.0
164475.0
164075.0
163275.0
164875.0
164825.0
164725.0
164525.0
164925.0
165050.0
165050.0
165100.0
165050.0
164950.0
164950.0
164950.0
164750.0
164350.0
165150.0
165100.0
165200.0
165250.0
165375.0
165425.0
165375.0
165475.0
165525.0
165475.0
165575.0
165525.0
165425.0
165225.0
164825.0
164025.0
162425.0
165625.0
165675.0
165725.0
165675.0
165575.0
165375.0
164975.0
165775.0
165725.0
165825.0
165875.0
165925.0
165975.0
165925.0
166025.0
165975.0
165875.0
166075.0
166125.0
166075.0
166175.0
166225.0
166300.0
166250.0
166150.0
165950.0
165950.0
165950.0
165550.0
164750.0
166350.0
166300.0
166200.0
166400.0
166400.0
166350.0
166250.0
166050.0
165650.0
166450.0
166400.0
166500.0
166625.0
166625.0
166625.0
166575.0
166675.0
166675.0
166725.0
166675.0
166775.0
166825.0
166775.0
166875.0
166925.0
166925.0
166875.0
166775.0
166575.0
166975.0
167025.0
166975.0
166875.0
166875.0
167075.0
167025.0
166925.0
166925.0
166725.0
166325.0
165525.0
163925.0
160725.0
160725.0
154325.0
141525.0
141575.0
141625.0
141675.0
141625.0
141525.0
141325.0
141725.0
141725.0
141675.0
141775.0
141725.0
141625.0
141425.0
141025.0
141825.0
141775.0
142025.0
141975.0
142075.0
142125.0
142175.0
142125.0
142225.0
142275.0
142325.0
142375.0
142425.0
142475.0
142475.0
142425.0
142525.0
142575.0
142625.0
142575.0
142475.0
142675.0
142625.0
142525.0
142325.0
142725.0
142775.0
142775.0
142725.0
142625.0
142425.0
142025.0
142825.0
142950.0
142900.0
142800.0
143000.0
142950.0
143050.0
143100.0
143150.0
143100.0
143000.0
142800.0
142400.0
141600.0
143200.0
143250.0
143200.0
143200.0
143300.0
143350.0
143300.0
143200.0
143400.0
143350.0
143450.0
143400.0
143300.0
143500.0
143450.0
143450.0
143350.0
143550.0
143600.0
143650.0
143700.0
143650.0
143550.0
143850.0
143975.0
144025.0
144075.0
144025.0
144025.0
143925.0
143925.0
144425.0
144375.0
144275.0
144475.0
144425.0
144325.0
144825.0
144875.0
144825.0
144725.0
144725.0
144725.0
145225.0
145175.0
145075.0
144875.0
144475.0
146475.0
146525.0
146475.0
146375.0
146175.0
145775.0
146575.0
146525.0
146625.0
146675.0
146625.0
146725.0
146775.0
146725.0
146825.0
146825.0
146775.0
146875.0
146825.0
146725.0
146925.0
146975.0
147025.0
146975.0
147075.0
147025.0
147275.0
147325.0
147375.0
147425.0
147475.0
147425.0
147325.0
147525.0
147575.0
147625.0
147675.0
147675.0
147675.0
147800.0
147750.0
147850.0
147900.0
147850.0
147850.0
148100.0
148150.0
148200.0
148250.0
148300.0
148350.0
148300.0
148300.0
148550.0
148675.0
148675.0
148625.0
148525.0
148725.0
148675.0
148775.0
148725.0
148625.0
148425.0
148025.0
147225.0
148825.0
148775.0
148875.0
148925.0
148875.0
148975.0
148925.0
148825.0
148625.0
148225.0
149025.0
148975.0
148875.0
149075.0
149025.0
149125.0
149075.0
148975.0
148975.0
148775.0
149175.0
149175.0
149125.0
149225.0
149275.0
149325.0
149275.0
149175.0
149375.0
149325.0
149225.0
149225.0
149025.0
149425.0
149475.0
149525.0
149475.0
149575.0
149625.0
149575.0
149475.0
149275.0
150275.0
150325.0
150275.0
150375.0
150325.0
150325.0
150425.0
150475.0
150425.0
150325.0
150525.0
150475.0
150575.0
150625.0
150675.0
150625.0
150525.0
150325.0
150725.0
150725.0
150675.0
150775.0
150825.0
150875.0
150825.0
150725.0
150925.0
150875.0
151125.0
151175.0
151225.0
151275.0
151225.0
151125.0
150925.0
150925.0
151325.0
151375.0
151425.0
151475.0
151525.0
151575.0
151575.0
151525.0
151625.0
151575.0
151575.0
151675.0
151625.0
151725.0
151725.0
151775.0
151725.0
151625.0
151425.0
151825.0
151775.0
151675.0
151475.0
152475.0
152525.0
152475.0
152375.0
152375.0
152575.0
152625.0
152625.0
152675.0
152675.0
152625.0
152725.0
152775.0
152825.0
152775.0
152675.0
152675.0
152875.0
152825.0
152925.0
152875.0
152775.0
152975.0
152925.0
153025.0
152975.0
152875.0
153075.0
153075.0
153125.0
153075.0
153075.0
152975.0
153175.0
153175.0
153225.0
153275.0
153275.0
153225.0
153125.0
152925.0
153325.0
153375.0
153325.0
153425.0
153375.0
153275.0
153075.0
153475.0
153425.0
153525.0
153575.0
153525.0
153425.0
153225.0
152825.0
153625.0
153575.0
153475.0
153675.0
153625.0
153525.0
153725.0
153725.0
153775.0
153825.0
153775.0
153875.0
153925.0
153925.0
153875.0
153775.0
153975.0
153925.0
153825.0
154025.0
153975.0
153975.0
153975.0
153875.0
153875.0
153675.0
153275.0
154075.0
154025.0
154125.0
154175.0
154225.0
154175.0
154075.0
153875.0
154275.0
154225.0
154225.0
154125.0
154325.0
154325.0
154375.0
154325.0
154575.0
154700.0
154750.0
154800.0
154750.0
154650.0
154450.0
155450.0
155400.0
155500.0
155550.0
155550.0
155600.0
155650.0
155700.0
155825.0
155775.0
155875.0
156000.0
155950.0
155850.0
155650.0
155250.0
156050.0
156100.0
156050.0
155950.0
155750.0
155350.0
154550.0
152950.0
149750.0
149750.0
156150.0
156150.0
156200.0
156250.0
156200.0
156200.0
156300.0
156250.0
156150.0
156350.0
156300.0
156200.0
156400.0
156350.0
156350.0
156350.0
156350.0
156250.0
156050.0
155650.0
156450.0
156400.0
156500.0
156450.0
156350.0
156550.0
156500.0
156500.0
156600.0
156650.0
156600.0
156700.0
156700.0
156650.0
156550.0
156350.0
157350.0
157400.0
157350.0
157450.0
157500.0
157550.0
157500.0
157600.0
157550.0
157450.0
157650.0
157600.0
157750.0
157700.0
157600.0
157400.0
157000.0
156200.0
160200.0
160150.0
160150.0
160050.0
159850.0
160250.0
160200.0
160200.0
160350.0
160475.0
160525.0
160525.0
160525.0
160475.0
160375.0
160175.0
160575.0
160625.0
160575.0
160475.0
160675.0
160625.0
160625.0
160725.0
160675.0
160925.0
160875.0
160775.0
160575.0
160975.0
161025.0
161075.0
161025.0
160925.0
160725.0
161125.0
161075.0
160975.0
160775.0
161775.0
161725.0
161625.0
161425.0
161825.0
161875.0
161925.0
161975.0
162025.0
162025.0
162075.0
162025.0
162125.0
162075.0
161975.0
161775.0
162175.0
162125.0
162025.0
162225.0
162275.0
162225.0
162325.0
162375.0
162425.0
162550.0
162600.0
162725.0
162675.0
162675.0
162775.0
162725.0
162825.0
162775.0
162675.0
162475.0
162075.0
161275.0
159675.0
159675.0
156475.0
150075.0
137275.0
137225.0
137225.0
137125.0
136925.0
136525.0
135725.0
134125.0
137325.0
137400.0
137450.0
137400.0
137300.0
137100.0
137500.0
137450.0
137350.0
137150.0
137550.0
137500.0
137600.0
137550.0
137450.0
137650.0
137600.0
137850.0
137800.0
137900.0
137850.0
137750.0
137550.0
137950.0
138075.0
138025.0
137925.0
138425.0
138375.0
138375.0
138275.0
138775.0
138825.0
138875.0
138825.0
138925.0
138875.0
139125.0
139075.0
138975.0
138775.0
139175.0
139225.0
139275.0
139225.0
139325.0
139275.0
139175.0
138975.0
139375.0
139325.0
139425.0
139475.0
139475.0
139425.0
139325.0
139525.0
139475.0
139575.0
139575.0
139700.0
139700.0
139650.0
139750.0
139700.0
139800.0
139750.0
139650.0
139650.0
139850.0
139900.0
139850.0
139750.0
139550.0
139150.0
138350.0
136750.0
144750.0
144700.0
144600.0
144400.0
144800.0
144850.0
144900.0
144850.0
144950.0
144900.0
144800.0
144600.0
145000.0
144950.0
144850.0
144650.0
144650.0
145050.0
145175.0
145225.0
145175.0
145075.0
144875.0
145875.0
145825.0
145725.0
145925.0
145875.0
145775.0
145975.0
145925.0
146025.0
146075.0
146125.0
146075.0
145975.0
145775.0
146375.0
146425.0
146475.0
146425.0
146325.0
146525.0
146575.0
146525.0
146425.0
146625.0
146575.0
146675.0
146725.0
146775.0
146825.0
146775.0
146675.0
146475.0
146875.0
146925.0
146875.0
146775.0
146575.0
146975.0
147025.0
146975.0
146875.0
147075.0
147025.0
147125.0
147175.0
147225.0
147275.0
147400.0
147350.0
147250.0
147450.0
147400.0
147500.0
147500.0
147550.0
147500.0
147400.0
147200.0
147600.0
147550.0
147450.0
147650.0
147775.0
147900.0
147950.0
147900.0
147800.0
148000.0
147950.0
147850.0
148150.0
148200.0
148250.0
148200.0
148100.0
148300.0
148350.0
148400.0
148350.0
148250.0
148050.0
147650.0
149650.0
149600.0
149700.0
149650.0
149750.0
149800.0
149850.0
149800.0
149900.0
149950.0
149900.0
150000.0
150050.0
150000.0
149900.0
149700.0
149300.0
149300.0
148500.0
150100.0
150150.0
150100.0
150200.0
150250.0
150375.0
150425.0
150375.0
150275.0
150475.0
150425.0
150325.0
150125.0
151125.0
151075.0
150975.0
151175.0
151125.0
151375.0
151425.0
151425.0
151375.0
151275.0
151475.0
151425.0
151325.0
151525.0
151525.0
151475.0
151375.0
151175.0
150775.0
152775.0
152725.0
152625.0
152425.0
152825.0
152875.0
152925.0
152975.0
152925.0
153025.0
152975.0
153075.0
153025.0
153125.0
153075.0
153175.0
153175.0
153125.0
153225.0
153175.0
153075.0
152875.0
152475.0
153275.0
153400.0
153350.0
153250.0
153050.0
152650.0
153450.0
153500.0
153550.0
153500.0
153600.0
153600.0
153725.0
153675.0
153575.0
153575.0
153375.0
152975.0
152975.0
152175.0
153775.0
153775.0
153825.0
153775.0
153875.0
153925.0
153875.0
153975.0
153925.0
154025.0
154075.0
154125.0
154175.0
154125.0
154025.0
153825.0
153425.0
152625.0
152625.0
151025.0
154225.0
154350.0
154300.0
154200.0
154000.0
153600.0
152800.0
154400.0
154350.0
154250.0
154050.0
154450.0
154400.0
154500.0
154450.0
154550.0
154500.0
154400.0
154600.0
154550.0
154700.0
154650.0
154750.0
154700.0
154800.0
154850.0
154900.0
154850.0
154750.0
154950.0
155000.0
154950.0
155050.0
155050.0
155000.0
154900.0
155100.0
155150.0
155225.0
155175.0
155275.0
155225.0
155125.0
154925.0
154525.0
155325.0
155275.0
155375.0
155425.0
155475.0
155525.0
155575.0
155700.0
155700.0
155750.0
155700.0
155600.0
155400.0
155400.0
155400.0
155000.0
155800.0
155750.0
155650.0
155850.0
155800.0
155900.0
155850.0
155750.0
155550.0
155950.0
155900.0
155800.0
156000.0
156050.0
156000.0
155900.0
156100.0
156050.0
156150.0
156100.0
156000.0
156000.0
155800.0
156200.0
156250.0
156300.0
156300.0
156425.0
156475.0
156525.0
156475.0
156725.0
156675.0
156575.0
156375.0
155975.0
156775.0
156725.0
156825.0
156775.0
156675.0
156875.0
156825.0
156925.0
156975.0
156925.0
156925.0
157025.0
156975.0
156875.0
157075.0
157025.0
156925.0
157125.0
157075.0
157175.0
157225.0
157275.0
157325.0
157325.0
157375.0
157425.0
157475.0
157425.0
157325.0
157525.0
157575.0
157625.0
157575.0
157475.0
157275.0
157675.0
157725.0
157675.0
157775.0
157725.0
157625.0
157625.0
157625.0
157825.0
157775.0
157875.0
157925.0
157875.0
157775.0
157575.0
157975.0
158025.0
157975.0
158075.0
158025.0
157925.0
157725.0
157325.0
158125.0
158075.0
157975.0
157775.0
157375.0
158175.0
158225.0
158175.0
158075.0
158075.0
158275.0
158325.0
158275.0
158525.0
158475.0
158575.0
158575.0
158700.0
158750.0
158700.0
158600.0
158400.0
158800.0
158925.0
158875.0
158775.0
159075.0
159025.0
158925.0
158725.0
158325.0
159125.0
159075.0
159175.0
159300.0
159300.0
159300.0
159250.0
159350.0
159475.0
159525.0
159475.0
159575.0
159525.0
159425.0
159625.0
159575.0
159675.0
159800.0
159750.0
159650.0
159450.0
159050.0
158250.0
156650.0
153450.0
159850.0
159900.0
159850.0
159750.0
159550.0
159950.0
160025.0
159975.0
160075.0
160025.0
160025.0
160125.0
160075.0
160175.0
160125.0
160225.0
160175.0
160275.0
160325.0
160275.0
160275.0
160375.0
160325.0
160425.0
160375.0
160275.0
160475.0
160425.0
160525.0
160475.0
160375.0
160575.0
160525.0
160625.0
160675.0
160725.0
160775.0
160725.0
160625.0
160425.0
160825.0
160875.0
160925.0
160875.0
160975.0
160925.0
160925.0
160825.0
160625.0
160225.0
161025.0
160975.0
161075.0
161125.0
161175.0
161225.0
161175.0
161175.0
161275.0
161325.0
161275.0
161375.0
161325.0
161425.0
161375.0
161475.0
161425.0
161325.0
161525.0
161475.0
161375.0
161175.0
161175.0
160775.0
159975.0
159975.0
161575.0
161625.0
161575.0
161825.0
161875.0
161825.0
161925.0
161875.0
161975.0
162025.0
162075.0
162025.0
161925.0
161725.0
162125.0
162075.0
161975.0
162175.0
162175.0
162225.0
162175.0
162175.0
162075.0
162075.0
161875.0
162875.0
162825.0
162925.0
162875.0
162975.0
162975.0
162925.0
162825.0
162625.0
162625.0
163625.0
163675.0
163800.0
163800.0
163750.0
163850.0
163900.0
163950.0
164000.0
163950.0
163850.0
163650.0
163250.0
164050.0
164000.0
164100.0
164150.0
164100.0
164200.0
164250.0
164200.0
164100.0
163900.0
163500.0
162700.0
161100.0
164300.0
164425.0
164475.0
164425.0
164525.0
164575.0
164525.0
164425.0
164625.0
164575.0
164575.0
164675.0
164625.0
164725.0
164675.0
164575.0
164875.0
164825.0
164925.0
164875.0
164875.0
164975.0
164925.0
165025.0
165075.0
165125.0
165075.0
165175.0
165225.0
165275.0
165275.0
165225.0
165325.0
165375.0
165425.0
165375.0
165275.0
165075.0
165475.0
165525.0
165575.0
165525.0
165425.0
165225.0
165625.0
165675.0
165625.0
165725.0
165775.0
165725.0
165625.0
165425.0
165025.0
164225.0
162625.0
165825.0
165875.0
165825.0
165925.0
165875.0
165775.0
165975.0
166100.0
166150.0
166200.0
166150.0
166050.0
165850.0
165450.0
165450.0
165450.0
167450.0
167400.0
167500.0
167550.0
167500.0
167600.0
167650.0
167700.0
167825.0
167775.0
167875.0
168000.0
167950.0
167850.0
167650.0
167250.0
168050.0
168175.0
168175.0
168125.0
168025.0
168025.0
167825.0
167425.0
168225.0
168175.0
168075.0
168075.0
168275.0
168275.0
168325.0
168275.0
168175.0
167975.0
168375.0
168325.0
168225.0
168025.0
168425.0
168425.0
168375.0
168275.0
168075.0
167675.0
169675.0
169725.0
169775.0
169725.0
169625.0
169425.0
170425.0
170375.0
170275.0
170075.0
169675.0
170475.0
170475.0
170525.0
170575.0
170625.0
170675.0
170625.0
170725.0
170775.0
170900.0
170950.0
170950.0
170900.0
170800.0
171000.0
171050.0
171000.0
171100.0
171050.0
171150.0
171100.0
171200.0
171250.0
171250.0
171200.0
171100.0
170900.0
171300.0
171250.0
171150.0
170950.0
171350.0
171475.0
171425.0
171525.0
171475.0
171475.0
171375.0
171375.0
171175.0
171575.0
171525.0
171625.0
171575.0
171825.0
171875.0
171925.0
171975.0
171925.0
172025.0
171975.0
171875.0
172075.0
172125.0
172075.0
172075.0
171975.0
172275.0
172225.0
172125.0
171925.0
171525.0
172325.0
172275.0
172275.0
172275.0
172375.0
172325.0
172425.0
172550.0
172600.0
172650.0
172700.0
172700.0
172650.0
172750.0
172800.0
172750.0
172650.0
172450.0
172450.0
172050.0
171250.0
169650.0
166450.0
160050.0
147250.0
147300.0
147350.0
147300.0
147400.0
147450.0
147500.0
147450.0
147350.0
147150.0
146750.0
145950.0
144350.0
141150.0
134750.0
121950.0
121900.0
121800.0
121600.0
122000.0
121950.0
121850.0
121650.0
122050.0
122000.0
122100.0
122150.0
122100.0
122000.0
121800.0
121800.0
122200.0
122150.0
122050.0
122050.0
122250.0
122200.0
122300.0
122250.0
122150.0
122350.0
122400.0
122450.0
122500.0
122550.0
122600.0
122650.0
122600.0
122500.0
122300.0
122700.0
122750.0
122700.0
122600.0
122800.0
122750.0
122650.0
122450.0
122850.0
122800.0
122700.0
122900.0
122850.0
122750.0
123050.0
123000.0
122900.0
122900.0
122900.0
122700.0
123100.0
123150.0
123200.0
123200.0
123200.0
123250.0
123375.0
123425.0
123375.0
123375.0
123275.0
123075.0
124075.0
124025.0
123925.0
123725.0
124125.0
124075.0
123975.0
124175.0
124175.0
124125.0
124225.0
124275.0
124325.0
124375.0
124375.0
124425.0
124425.0
124475.0
124525.0
124475.0
124725.0
124775.0
124725.0
124825.0
124775.0
124675.0
124875.0
124925.0
124975.0
125025.0
125025.0
125025.0
124975.0
125075.0
125125.0
125175.0
125125.0
125225.0
125225.0
125175.0
125075.0
125275.0
125225.0
125225.0
125325.0
125275.0
125175.0
124975.0
124575.0
125375.0
125325.0
125225.0
125425.0
125375.0
125275.0
125075.0
125075.0
124675.0
125475.0
125525.0
125475.0
125575.0
125525.0
125425.0
125225.0
125625.0
125625.0
125675.0
125725.0
125775.0
125725.0
125975.0
125925.0
125825.0
126025.0
125975.0
125875.0
126175.0
126125.0
126025.0
125825.0
125425.0
124625.0
123025.0
119825.0
113425.0
100625.0
100675.0
100625.0
100525.0
100325.0
99925.0
99125.0
100725.0
100675.0
100775.0
100825.0
100875.0
100825.0
100825.0
100925.0
100875.0
100775.0
100575.0
100975.0
101025.0
100975.0
100875.0
101075.0
101025.0
100925.0
100725.0
100325.0
99525.0
97925.0
101125.0
101075.0
100975.0
100975.0
100775.0
101175.0
101125.0
101025.0
100825.0
101225.0
101175.0
101075.0
100875.0
100475.0
101275.0
101225.0
101325.0
101375.0
101325.0
101425.0
101375.0
101475.0
101475.0
101525.0
101575.0
101525.0
101625.0
101575.0
101475.0
101275.0
101275.0
100875.0
101675.0
101625.0
101525.0
101525.0
101725.0
101775.0
101825.0
101875.0
101825.0
101725.0
102225.0
102275.0
102325.0
102275.0
102175.0
101975.0
102375.0
102325.0
102225.0
102425.0
102475.0
102425.0
102325.0
102525.0
102475.0
102375.0
102175.0
102175.0
102175.0
101775.0
100975.0
99375.0
102575.0
102575.0
102700.0
102650.0
102750.0
102700.0
102800.0
102750.0
102850.0
102925.0
102875.0
102975.0
102925.0
103025.0
103025.0
103075.0
103025.0
102925.0
102725.0
103125.0
